3.994986657916655731e-06 1.314685366011391323e-08 1.728397611604505885e-16 -3.329803682266543885e-01 4.132985825863126905e-01 3.995008289940491781e-06 1.596009123669325052e-11 4.003636832222211337e-06 1.029876289137426046e-08 1.060645170927475175e-16 3.893854509323304569e-01 1.284068701097204723e+00 4.003650078221546396e-06 1.602921394884339347e-11
3.996053337916669412e-06 1.217636364997568776e-08 1.482638317364492703e-16 -9.956525830489650064e-02 9.157037872543698498e-01 3.996071889156486523e-06 1.596859054330669342e-11 4.003013753915349395e-06 1.045112207973431946e-08 1.092259527255102036e-16 2.731711522827536820e-01 1.561540220639956011e+00 4.003027396857057055e-06 1.602422833998818364e-11
3.996266664583338414e-06 1.119491759692831495e-08 1.253261800020152238e-16 -2.672458860811528503e-01 1.368755050766076842e+00 3.996282344960130984e-06 1.597027258064004441e-11 4.002918943068763866e-06 9.973883402838284717e-09 9.947835013341298713e-17 6.353208744390370644e-01 1.381583023197844540e+00 4.002931368775748882e-06 1.602345954312888713e-11
3.995680000000008473e-06 1.232900104093165891e-08 1.520042666672939351e-16 -1.892010884465297749e-01 7.948484906674440076e-01 3.995699021030830591e-06 1.596561066666673477e-11 4.003433650952375425e-06 1.090137290293794624e-08 1.188399311689096959e-16 2.506975410966612028e-01 1.876897738628533041e+00 4.003448493175481627e-06 1.602759983750903718e-11
3.995466666666659933e-06 1.168170459402484773e-08 1.364622222220612505e-16 -3.244985791880688475e-01 1.239914613758561046e+00 3.995483743762026533e-06 1.596389034666661798e-11 4.003839999999989774e-06 1.040626917267415013e-08 1.082904380941483407e-16 2.075253373879981378e-01 4.617938765402609391e-01 4.003853523299524373e-06 1.603084303603801412e-11
3.995946666666617279e-06 1.168280027312801408e-08 1.364878222217999905e-16 -2.380618716168044491e-01 1.222414140307851227e+00 3.995963744913894477e-06 1.596772625066627633e-11 4.003189841269906996e-06 1.080323518441269429e-08 1.167098904497323851e-16 1.904558016647690810e-01 1.331197219401881071e+00 4.003204418355004841e-06 1.602564561513703238e-11
3.994773333333426046e-06 1.197282849717784405e-08 1.433486222228338726e-16 -3.967661440020665564e-01 9.297166914237093849e-01 3.994791275315153926e-06 1.595835733333407726e-11 4.004165079364971023e-06 1.076004718719579028e-08 1.157786154706800298e-16 -1.346032943938151316e-01 1.746801458807778928e+00 4.004179536611883065e-06 1.603345376142135472e-11
3.994986666666688188e-06 1.217636325931034144e-08 1.482638222226827716e-16 -3.044006361596647281e-01 9.276594615279583067e-01 3.995005222858518254e-06 1.596006673066683787e-11 4.004165079365059114e-06 9.987927931253384951e-09 9.975870435991152352e-17 5.590700571812636799e-01 -5.229540098663663095e-01 4.004177536212767438e-06 1.603343774151094981e-11
3.996640000000035820e-06 1.325749096422016384e-08 1.757610666663792753e-16 -3.737173617599655606e-01 3.953322780714092488e-01 3.996661988543308916e-06 1.597330705066695500e-11 4.002783492063484982e-06 1.061870638880984744e-08 1.127569253717510650e-16 2.058083317228174836e-01 1.669996318753242726e+00 4.002797576853133832e-06 1.602238844126132217e-11
3.995253333333416426e-06 1.271963661274390753e-08 1.617891555602552926e-16 -2.350371036110743272e-01 5.628364664759684111e-01 3.995273580953792110e-06 1.596221098666733716e-11 4.003623280423214764e-06 1.093325228223842258e-08 1.195360054670716937e-16 7.500739085652126104e-01 1.363548607154206671e+00 4.003638208873550783e-06 1.602911890755221113e-11
3.994666666458209300e-06 1.157714201917551796e-08 1.340302173321594057e-16 -1.983496052988152347e-01 1.318173527523736510e+00 3.994683442568344628e-06 1.595749580632968077e-11 4.004137989418073411e-06 1.035411125805599421e-08 1.072076199442018889e-16 7.578197954003904058e-02 6.295512282465915987e-01 4.004151376499265294e-06 1.603322824592095847e-11
3.994560002500277363e-06 1.323655566476853342e-08 1.752064058665159513e-16 -3.309962311233608512e-01 3.655235557479703523e-01 3.994581933066448302e-06 1.595668481998088188e-11 4.004408886983851199e-06 1.094173775721064383e-08 1.197216251475690089e-16 -1.998483950348306226e-01 9.955736443632119403e-01 4.004423835682281123e-06 1.603541025578039181e-11
3.995306665416394229e-06 1.213565050432577050e-08 1.472740131631423291e-16 -3.268953344529911265e-01 1.045848974531301323e+00 3.995325096251096222e-06 1.596262262473382878e-11 4.002946033016250165e-06 1.031750734693577338e-08 1.064509578540736445e-16 3.264727211336906909e-01 3.879821626392736533e-01 4.002959329570860184e-06 1.602368339419838801e-11
3.994719997916050530e-06 1.293693273795690661e-08 1.673642286664211730e-16 -3.935496187837273507e-01 5.212756765496426858e-01 3.994740946041316718e-06 1.595795522597907535e-11 4.004246349206753142e-06 1.072661660085561668e-08 1.150603037017513043e-16 4.645487278694998556e-01 1.035882751648801836e+00 4.004260716466812716e-06 1.603410388543931329e-11
3.996106665833434349e-06 1.162018093967908694e-08 1.350286050708811509e-16 -1.949568562118603188e-01 1.101236370412512322e+00 3.996123560817842996e-06 1.596900351332347639e-11 4.002816000634891476e-06 9.656807468231857157e-09 9.325393047849857692e-17 4.676167081690870142e-01 -5.309320142098186146e-01 4.002827649158677070e-06 1.602262918886918212e-11
3.995520002499961661e-06 1.243753463255639208e-08 1.546922677360396726e-16 -3.032927259074991166e-01 8.203425642638220161e-01 3.995539360667722594e-06 1.596433478264503064e-11 4.003644951428556521e-06 1.052109612135990238e-08 1.106934635948943883e-16 6.505009353451187692e-01 1.281830114627579675e+00 4.003658775490609479e-06 1.602928359056296639e-11
3.995093330000025654e-06 1.210748892956812106e-08 1.465912881796146119e-16 -2.635816616011885105e-01 8.589297104210347200e-01 3.995111676373874926e-06 1.596091730669887561e-11 4.003271112380945117e-06 1.065270986174341581e-08 1.134802273984854398e-16 -1.072192829402987407e-01 2.357219255104552325e-01 4.003285285793553138e-06 1.602629307945116724e-11
3.996266665416662980e-06 1.224345570314955853e-08 1.499022075549854561e-16 -2.542886925435561829e-01 9.465354282826492494e-01 3.996285420653531886e-06 1.597029716332797618e-11 4.003514921428586916e-06 1.091045673794975751e-08 1.190380662306732635e-16 -2.114573272489010669e-01 1.244248484215544792e+00 4.003529788095446990e-06 1.602825076416757645e-11
3.995466666666598947e-06 1.247304649589520077e-08 1.555768888887635410e-16 -4.298049833993778934e-01 6.944620326714323610e-01 3.995486135795342240e-06 1.596390946133279330e-11 4.003271111111165649e-06 9.552664014314592119e-09 9.125338977038097808e-17 4.525096718845422195e-01 5.556971226270244202e-01 4.003282508448160828e-06 1.602627084244700031e-11
3.995786666666685707e-06 1.174290518663480367e-08 1.378958222222945791e-16 -2.143358363344322892e-01 1.144275710053456407e+00 3.995803921782635642e-06 1.596644898133348961e-11 4.003677460317477550e-06 9.582693058271463118e-09 9.182800624904409215e-17 5.097326835892351804e-01 3.703664740792160792e-01 4.003688928258594879e-06 1.602952503426045641e-11
3.995626666666602517e-06 1.382516867484577396e-08 1.911352888879368612e-16 -3.569511326471485613e-01 1.598659486067397495e-01 3.995650584656540342e-06 1.596522359466615499e-11 4.003189841269884974e-06 1.062197136296007134e-08 1.128262756355438471e-16 -2.398989369213122835e-01 5.802635876275998861e-01 4.003203933291687475e-06 1.602564173152204019e-11
3.996586666666640875e-06 1.261014758928004614e-08 1.590158222234253481e-16 -3.490621208503640327e-01 6.800179815917370973e-01 3.996606560571079844e-06 1.597286399999979618e-11 4.002946031745976030e-06 1.038784676641553167e-08 1.079073604425296259e-16 5.340359285167387698e-02 1.190192513878752578e+00 4.002959510216322389e-06 1.602368484043129686e-11
3.996693333333343520e-06 1.168426101889080946e-08 1.365219555575713160e-16 -1.663930469728041595e-01 1.059476530326036503e+00 3.996710412660236207e-06 1.597369412266675606e-11 4.002328380952335050e-06 1.001176827245517628e-08 1.002355039413401096e-16 2.738249645247219366e-01 1.311355899529054625e+00 4.002340903081655277e-06 1.601873270448047739e-11
3.995573333333381214e-06 1.217951650188920634e-08 1.483406222197915004e-16 -3.403845642968456597e-01 8.186401638892344401e-01 3.995591896411224916e-06 1.596475460266704722e-11 4.003076063492046457e-06 9.914084586080407282e-09 9.828907317995712642e-17 4.247150866429720839e-01 5.704845802674234356e-01 4.003088340166397400e-06 1.602471625917616036e-11
3.996959999791674548e-06 1.226794201984362361e-08 1.505024014022448463e-16 -3.452712250243898939e-01 8.778076519920938736e-01 3.996978826856112370e-06 1.597583974233606193e-11 4.002702222222209388e-06 9.840532814286595560e-09 9.683608606905127182e-17 3.234450412490746385e-01 1.091483575033043607e+00 4.002714318542941634e-06 1.602172191586868336e-11
3.994239998749768422e-06 1.251414225057582882e-08 1.566037562676470499e-16 -2.873224553681573701e-01 6.642147447982669206e-01 3.994259602400526960e-06 1.595410977136881487e-11 4.005059048571613076e-06 1.082781201714641090e-08 1.172415130786602216e-16 9.103865597479774419e-01 1.856587814648757551e+00 4.005073685222087098e-06 1.604061522405843181e-11
3.995733333750506158e-06 1.262096802071750015e-08 1.592888337799738142e-16 -2.859048059933387842e-01 6.181233479413190679e-01 3.995753266066201996e-06 1.596604416327871751e-11 4.002539683491707987e-06 1.043494965756904353e-08 1.088881743560003109e-16 1.990410706408382857e-01 1.902241519820038640e+00 4.002553285853950946e-06 1.602043280610025772e-11
3.995626664167097228e-06 1.202970735417250188e-08 1.447138590270319845e-16 -1.989948600977211601e-01 9.472473956621452196e-01 3.995644773157657408e-06 1.596517715326210994e-11 4.004165081586848558e-06 9.476653389323250402e-09 8.980695946137184224e-17 7.874620061133464910e-01 7.770506291207519567e-01 4.004176295764070953e-06 1.603342780755887642e-11
