3.991786669166634541e-06 1.272466798356307404e-08 1.619171752919151598e-16 -3.754009093185852186e-01 3.582970514691443675e-01 3.991806950406262898e-06 1.593452272931174619e-11 4.006521903174612487e-06 1.074492641209735694e-08 1.154534436013873852e-16 4.419686438540513795e-01 1.578679190306744751e+00 4.006536311336952877e-06 1.605233321406151945e-11
3.990293329166639741e-06 1.306350754336502688e-08 1.706552293355549504e-16 -5.492303188050740026e-01 4.873245851084977431e-01 3.990314712904374267e-06 1.592261150802111891e-11 4.007805970793674357e-06 1.020301230461011187e-08 1.041014600880253413e-16 6.348221273880101378e-01 9.296080086652227514e-01 4.007818958110447521e-06 1.606261280098951153e-11
3.990826668333313969e-06 1.287268289053948441e-08 1.657059648003879889e-16 -5.152656507395866337e-01 -1.643601010012041286e-03 3.990847429136471377e-06 1.592686320264518030e-11 4.007188316190507779e-06 9.796759995101381394e-09 9.597650640161881605e-17 3.265928820221710716e-01 -1.428490702236673293e-01 4.007200291714918505e-06 1.605765417792012642e-11
3.990506666249997108e-06 1.382516858161903815e-08 1.911352863101861885e-16 -2.236210526442251878e-01 -2.516115609719866697e-01 3.990530614927290633e-06 1.592433458867198092e-11 4.007253333492055587e-06 1.006237456611275255e-08 1.012513819087527980e-16 1.226178701053970421e-01 2.776862430785298486e-01 4.007265966986107439e-06 1.605818053016509956e-11
3.991786666666716747e-06 1.256268902570277293e-08 1.578211555565129034e-16 -3.749042182966033088e-01 5.738455861779732103e-01 3.991806434852990014e-06 1.593451861333373894e-11 4.006765714285677368e-06 1.089485802418329392e-08 1.186979313671111235e-16 4.993782381755854649e-01 1.750691428278801531e+00 4.006780526445962203e-06 1.605429018710658106e-11
3.991253333333302623e-06 1.274476973330702824e-08 1.624291555550188798e-16 -6.148318645944854666e-01 -2.002439835067271190e-02 3.991273681420476410e-06 1.593026559999975930e-11 4.006846984127013948e-06 9.551886148849306774e-09 9.123852900057924883e-17 5.678246420101334957e-01 8.362521856953426536e-01 4.006858369438175001e-06 1.605491399273674856e-11
3.991680000000093723e-06 1.328674527487260219e-08 1.765375999993494297e-16 -2.340242015448634749e-01 9.815838628559037105e-02 3.991702113134289217e-06 1.593368576000074942e-11 4.006846984126919927e-06 1.110463985714334088e-08 1.233130263568564836e-16 7.002886315387963911e-01 1.403582697491921216e+00 4.006862371885681895e-06 1.605494606723335093e-11
3.991253333333245025e-06 1.269109223916083841e-08 1.610638222228884730e-16 -3.965263031239287250e-01 3.463025851788481546e-01 3.991273510380610925e-06 1.593026423466596738e-11 4.006928253968272601e-06 1.080185951165336142e-08 1.166801689094962109e-16 6.369952748999707648e-01 4.758951938803548387e-01 4.006942813744431739e-06 1.605559071261814088e-11
3.991893333333477838e-06 1.230324979666823522e-08 1.513699555592169784e-16 -4.351267941472191647e-01 4.990875295721051152e-01 3.991912292957828211e-06 1.593536375466782807e-11 4.006318730158640003e-06 1.067732317267088302e-08 1.140052301336546064e-16 1.021311204558150942e+00 1.702140923339702461e+00 4.006332958311138487e-06 1.605070377285007561e-11
3.990293333333445530e-06 1.295857330964841672e-08 1.679246222215323037e-16 -5.269441628961357704e-01 5.334386340414254413e-01 3.990314374916789061e-06 1.592260881066756216e-11 4.007651555555523487e-06 1.183384611510541072e-08 1.400399138759954285e-16 6.198546602111324466e-01 1.578522451531563675e+00 4.007669027085505604e-06 1.606141103066048428e-11
3.991146666666650800e-06 1.419548598050256561e-08 2.015118222226448744e-16 -5.149596556871418596e-01 5.073703042170185640e-01 3.991171911439864495e-06 1.592945322666653991e-11 4.007139555396833825e-06 1.104387783384421578e-08 1.219672376088756163e-16 5.609448751774661623e-01 1.011998672705080260e+00 4.007154774108874219e-06 1.605728938366354458e-11
3.991359999166261421e-06 1.221740731919185277e-08 1.492650416030426563e-16 -5.075387945622210628e-01 3.305976997063084788e-01 3.991378697641468780e-06 1.593110390798610658e-11 4.006359366031954814e-06 9.872693621136320911e-09 9.747007933682580762e-17 9.161692574185886784e-02 -9.639530869106760491e-02 4.006371530433903790e-06 1.605101283987130296e-11
3.990506667917327255e-06 1.219876848802807726e-08 1.488099526245068336e-16 -7.440623134216363121e-01 1.088029700214606876e+00 3.990525313369817104e-06 1.592429227664527384e-11 4.007822221269417478e-06 9.887985511728809909e-09 9.777225748015886333e-17 3.406165439671033912e-01 2.698371444069946889e-01 4.007834418929804267e-06 1.606273672955840455e-11
3.990826665833657061e-06 1.287268110935557299e-08 1.657059189431598205e-16 -5.644237639450775390e-01 6.403165010974292137e-01 3.990847426631081750e-06 1.592686318264792743e-11 4.006928253333121557e-06 1.016856092599219422e-08 1.033996313056152177e-16 4.654334288339018744e-01 1.285792519607089623e+00 4.006941155918130371e-06 1.605557742699052559e-11
3.991466668333250320e-06 1.355968023253437267e-08 1.838649280085834023e-16 -4.213592831678354966e-01 5.955991307910997179e-01 3.991489700518259795e-06 1.593199002934334876e-11 4.007334603492077014e-06 1.059909059013194067e-08 1.123407213378234512e-16 5.944474013887711683e-01 5.968516398448442395e-01 4.007348620355651688e-06 1.605884296506634194e-11
3.989439999583313703e-06 1.297612029334191091e-08 1.683796978672797751e-16 -4.930238164469645246e-01 4.587839458054823183e-01 3.989461102702115157e-06 1.591579988997317878e-11 4.008147300952380825e-06 1.088978081320104473e-08 1.185873261595616168e-16 8.067846345577192047e-01 1.194569608657134019e+00 4.008162094209516926e-06 1.606536337345801785e-11
3.989546664583265573e-06 1.290445990088932203e-08 1.665250853336604676e-16 -8.484007752500811739e-01 6.725519526963199546e-01 3.989567534705082995e-06 1.591664911397279582e-11 4.008187939206383378e-06 1.058108942923611737e-08 1.119594535094923078e-16 8.761284491543894770e-01 1.608491692197828726e+00 4.008201905524848335e-06 1.606568251545302761e-11
3.989653332916687654e-06 1.272466707885251674e-08 1.619171522676330540e-16 -4.477349121567462675e-01 -1.146118849607429269e-01 3.989673624998103107e-06 1.591749563400550511e-11 4.007976634920634333e-06 1.065017645674783693e-08 1.134262585598658942e-16 5.172488210881789339e-01 3.661866869239713829e-01 4.007990784960500657e-06 1.606399013232828967e-11
3.989546666666665079e-06 1.416539759023811152e-08 2.006584888895236753e-16 -4.400480657246169658e-01 -2.848349175623416940e-01 3.989571814618705395e-06 1.591668326399998809e-11 4.008927492063499572e-06 1.046768175017334575e-08 1.095723612229121361e-16 6.453859437984053038e-01 1.126068949441941136e+00 4.008941158084482506e-06 1.607160920898375414e-11
3.990720000000012166e-06 1.263493569429006289e-08 1.596415999988451072e-16 -5.259940675501283414e-01 2.415735814992903130e-02 3.990740001553608363e-06 1.592600576000009650e-11 4.006765714285738354e-06 1.074745640603358455e-08 1.155078191995923410e-16 6.521193798938781372e-01 1.500580361845428534e+00 4.006780128356795930e-06 1.605428699699490305e-11
3.990613333333308674e-06 1.233649689152103972e-08 1.521891555545082948e-16 -6.929969488524696519e-01 9.380494381033206430e-01 3.990632401679354803e-06 1.592514696533313855e-11 4.007293968253968304e-06 1.119593461828055634e-08 1.253489519768129986e-16 5.877534745135809535e-01 1.191334848936641322e+00 4.007309608322848159e-06 1.605853029695661714e-11
3.991786666666608327e-06 1.365624968849720838e-08 1.864931555545800860e-16 -4.158911621585272833e-01 5.771097190204281802e-01 3.991810026207769767e-06 1.593454728533287428e-11 4.006725079365139097e-06 1.025514626877002113e-08 1.051680249938676805e-16 6.271898638754168642e-01 6.439590531173680077e-01 4.006738203281888214e-06 1.605395102963857448e-11
3.990826666666614015e-06 1.297831353541493340e-08 1.684366222235344743e-16 -3.964584843952734805e-01 -9.047745624259162511e-02 3.990847769584750822e-06 1.592686591999958297e-11 4.007009523809537183e-06 1.099330446963413588e-08 1.208527431620778732e-16 6.868433091688554981e-01 1.510158493771626809e+00 4.007024603947859003e-06 1.605624617664349416e-11
3.990826666666714811e-06 1.221973631281603189e-08 1.493219555547547680e-16 -5.046618975425083420e-01 3.334646544085169140e-01 3.990845374771329834e-06 1.592684680533371785e-11 4.007415873015838072e-06 1.038498518832030431e-08 1.078479173616321184e-16 2.053846454731918791e-01 1.528757052945188377e+00 4.007429329035840439e-06 1.605948982721664953e-11
3.990613333124853018e-06 1.369992086266147067e-08 1.876878316431870056e-16 -3.415238601418921771e-01 -3.085400297420357596e-01 3.990636849219118645e-06 1.592518246234549253e-11 4.007619047619147759e-06 9.829032104494120420e-09 9.660987211117612167e-17 4.255486109862012256e-01 3.361798635307584604e-01 4.007631100876416646e-06 1.606110704071191679e-11
3.991413333749799916e-06 1.269277232829931463e-08 1.611064693780408010e-16 -3.711482346351014927e-01 1.979892840580785851e-01 3.991433515330685203e-06 1.593154150730506932e-11 4.006903871428837409e-06 1.116946406756137741e-08 1.247569275565447518e-16 2.032515746729371964e-01 1.385293267348626678e+00 4.006919439145109892e-06 1.605540339179896302e-11
3.991413332083062693e-06 1.306383703561043279e-08 1.706638380929867874e-16 -5.239312752363476378e-01 5.546987288454672260e-01 3.991434710898890356e-06 1.593155105136851106e-11 4.006668192698527667e-06 1.075162377791171515e-08 1.155974138617565855e-16 2.757516992137870604e-01 2.018702007798375497e+00 4.006682618301073152e-06 1.605350560379594133e-11
3.989440000833934133e-06 1.232865395178534573e-08 1.519957082628724137e-16 -6.280109605658426020e-01 -1.477855420044567047e-01 3.989459050543334352e-06 1.591578351596212111e-11 4.008391110158202638e-06 1.082224372993985934e-08 1.171209593502226115e-16 9.020075653607337873e-01 1.565670447588942693e+00 4.008405719604074801e-06 1.606731641295466074e-11
