4.025620317142851210e-06 1.453679622061577869e-08 2.113184443597091731e-16 8.632554858801094744e-01 3.847180254404132249e-01 4.025646563750681757e-06 4.070400000000251595e-06 1.620583025623766880e-11 3.966933333333329256e-06 1.749463501263849087e-08 3.060622542254365832e-16 -4.467885120644264907e-01 -7.743011543426701060e-01 3.966971909828112715e-06 3.993600099998217967e-06 1.573686613336530495e-11
4.025376504761989921e-06 1.495486686753926174e-08 2.236480430258235223e-16 6.243029110328878195e-01 -2.040381101692920751e-01 4.025404284433165353e-06 4.070400100000121091e-06 1.620387965313288358e-11 3.968533337916566209e-06 1.659858174676817569e-08 2.755129160041456136e-16 -5.702948623805130790e-01 -6.224761435778591867e-01 3.968568049948394029e-06 3.993600099999952691e-06 1.574953236707120200e-11
4.026270477142839663e-06 1.566321956837875450e-08 2.453364472472431556e-16 8.050139706362929859e-01 1.390709754604255721e-01 4.026300943988077090e-06 4.070400100000121091e-06 1.621109929155928046e-11 3.966293332083336599e-06 1.712789130692316722e-08 2.933646606217741478e-16 -5.382954214997923703e-01 -5.424382777150675849e-01 3.966330314130350002e-06 3.993600099999952691e-06 1.573177616078935904e-11
4.026250158730180234e-06 1.534792840500094525e-08 2.355589063250348967e-16 8.015846738591482223e-01 1.158322470744419519e-01 4.026279411513950641e-06 4.070400000000251595e-06 1.621092589958112302e-11 3.966720000208328799e-06 1.700522258603302944e-08 2.891775952005278864e-16 -4.880887503485067946e-01 -6.691249495481459419e-01 3.966756450508142760e-06 3.993600000000083194e-06 1.573515673764795699e-11
4.024665396825378577e-06 1.543410360017811617e-08 2.382115539410310949e-16 1.000995339777537518e+00 4.463393731261726671e-01 4.024694990674141259e-06 4.070400000000251595e-06 1.619816976795752372e-11 3.969066666666688443e-06 1.577080284011131080e-08 2.487182222216630032e-16 -5.730146769262274287e-01 -2.362886504725882908e-01 3.969097998622210474e-06 3.993600000000083194e-06 1.575373892266683981e-11
4.026026666666661552e-06 1.591436980019509371e-08 2.532671661373615973e-16 9.118534851729160895e-01 4.782051447402673183e-01 4.026058120280580508e-06 4.070400000000251595e-06 1.620914398787720447e-11 3.966666666666650994e-06 1.765123854630544359e-08 3.115662222185790904e-16 -2.893443908145281740e-01 -9.889714453290450180e-01 3.966705939525457009e-06 3.993600000000083194e-06 1.573475601066653843e-11
4.025392761904790356e-06 1.510368023029395941e-08 2.281211564989726230e-16 4.976719095369089296e-01 -4.335271029595575421e-01 4.025421097071953978e-06 4.070400000000251595e-06 1.620401500875197215e-11 3.968373333333278373e-06 1.746461056609034902e-08 3.050126222251947041e-16 -3.676079963530031747e-01 -1.077773151978292043e+00 3.968411763581608807e-06 3.993600000001817918e-06 1.574829192533289742e-11
4.025766603174589308e-06 1.566251601875877936e-08 2.453144080378753731e-16 8.469902060068942307e-01 2.457750158601257340e-01 4.025797071095848263e-06 4.070400000000251595e-06 1.620704205764390975e-11 3.967146666666706595e-06 1.711193995099070878e-08 2.928184888863118801e-16 -3.908810335206402420e-01 -8.570473207742064226e-01 3.967183571922737062e-06 3.993600000001817918e-06 1.573854549333364405e-11
4.025376507936605880e-06 1.498729135284500817e-08 2.246189020950627483e-16 8.922789389760581447e-01 3.827297417858348538e-01 4.025404408199255537e-06 4.070400000000251595e-06 1.620388064954999657e-11 3.967839999999893048e-06 1.789259809712789598e-08 3.201450666653447689e-16 -4.903006579333601400e-01 -5.419097901590776978e-01 3.967880342281734807e-06 3.993600000001817918e-06 1.574407441066581716e-11
4.025295238095264217e-06 1.472442668980684064e-08 2.168087413434960376e-16 5.752680720796602420e-01 -1.953564981014541679e-01 4.025322168792673097e-06 4.070400000000251595e-06 1.620321856257375082e-11 3.968159999999958633e-06 1.703254923184650945e-08 2.901077333352751722e-16 -4.154610539570953165e-01 -1.032684699294238895e+00 3.968196554271600655e-06 3.993600000001817918e-06 1.574658389333300784e-11
4.026270476190526450e-06 1.496700576861769018e-08 2.240112616778352460e-16 8.540745649279376517e-01 1.345769307987572105e-01 4.026298294799476124e-06 4.070400000000251595e-06 1.621107795870516643e-11 3.966079999999878347e-06 1.702528315956880086e-08 2.898602666634969662e-16 -3.932994154377542628e-01 -1.004114592748769352e+00 3.966116542244528351e-06 3.993600000001817918e-06 1.573008042666569679e-11
4.024137146031807785e-06 1.574987725920093856e-08 2.480586336798948989e-16 1.011128572622748578e+00 5.729881205599869354e-01 4.024167967258163677e-06 4.070400100003590538e-06 1.619392782870670235e-11 3.969279995000007424e-06 1.688436600746540599e-08 2.850818154740532489e-16 -3.367878753945118264e-01 -8.350175558358046146e-01 3.969315905861201100e-06 3.993600100005156861e-06 1.575546876052272835e-11
4.026859679048045715e-06 1.676248134592986298e-08 2.809807808726466008e-16 9.351723342242435066e-01 2.851258388828208368e-01 4.026894567222216366e-06 4.070400100003590538e-06 1.621587985552380033e-11 3.966293337082758835e-06 1.712789242797206039e-08 2.933646990241826003e-16 -5.382952643578554630e-01 -5.424383358666711175e-01 3.966330319134566444e-06 3.993600050000017943e-06 1.573177620048611206e-11
4.025864127619046262e-06 1.533541833670832080e-08 2.351750555618498211e-16 8.394820884252229831e-01 2.241230484263598832e-01 4.025893335535036760e-06 4.070400099996651644e-06 1.620781714910542665e-11 3.967146665833360006e-06 1.621052537100743827e-08 2.627811328040758978e-16 -4.039862612681199838e-01 -5.522549704785721936e-01 3.967179785359562674e-06 3.993600099998217967e-06 1.573851544936554244e-11
4.023466668095139904e-06 1.548366930578108293e-08 2.397440151707871963e-16 9.896857098019157251e-01 5.384545354225838132e-01 4.023496461199857712e-06 4.070400100000121091e-06 1.618852377328778089e-11 3.970666665000071619e-06 1.613983103322551586e-08 2.604941457810694363e-16 -4.087303164651897580e-01 -5.670308069957736841e-01 3.970699467183152054e-06 3.993600100001687414e-06 1.576645425868856718e-11
4.022979045873047412e-06 1.509487298835091111e-08 2.278551905344460128e-16 7.112139628426871196e-01 3.560170662225248250e-02 4.023007364985074214e-06 4.070400000000251595e-06 1.618458825872414791e-11 3.970506669374971199e-06 1.631258804258288033e-08 2.661005286470179347e-16 -4.424788245091253458e-01 -5.340890381327834113e-01 3.970540178877400125e-06 4.006399949999309151e-06 1.576518931207977347e-11
4.023913648888897640e-06 1.411196557586620643e-08 1.991475724144328344e-16 7.625389431760645209e-01 7.752207403645128281e-02 4.023938394320516278e-06 4.070400000000251595e-06 1.619208020128677630e-11 3.970293334791660374e-06 1.711916920298973875e-08 2.930659542005923558e-16 -4.025506646332458471e-01 -8.386260183624965059e-01 3.970330241962912803e-06 3.993600099999952691e-06 1.576352223024528387e-11
4.022775873333336990e-06 1.477340666128154324e-08 2.182535443795978751e-16 9.823629823670344541e-01 4.552329298849175920e-01 4.022803000473322567e-06 4.070400000000251595e-06 1.618294398061717026e-11 3.970666667291670130e-06 1.668063404737234060e-08 2.782435522223573598e-16 -4.799185119397369470e-01 -7.176139278436219904e-01 3.970701704521930043e-06 3.993600000000083194e-06 1.576647202629336063e-11
4.022166349206318606e-06 1.481734982996257482e-08 2.195538559834919554e-16 9.022948394593633958e-01 3.276629332452434262e-01 4.022193642099255132e-06 4.070400000000251595e-06 1.617804169454366765e-11 3.971520000000020041e-06 1.536555455121368194e-08 2.361002666663235437e-16 -4.680431194707505016e-01 -3.043947703730900400e-01 3.971549724058207643e-06 3.993600000001817918e-06 1.577320721066682761e-11
4.023304126984076968e-06 1.478806876088952113e-08 2.186869776767965346e-16 9.319492189157116968e-01 3.067325633584898625e-01 4.023331304427313015e-06 4.070400000000251595e-06 1.618719478518478543e-11 3.970986666666743983e-06 1.525594383246962801e-08 2.327438222194681084e-16 -5.012994068080703913e-01 -2.991961609423983148e-01 3.971015972099240596e-06 3.993600000001817918e-06 1.576896785066727745e-11
4.023100952380923983e-06 1.484120594160034880e-08 2.202613938009934965e-16 8.609433857455082162e-01 3.549295728770558433e-01 4.023128326867302567e-06 4.070400000000251595e-06 1.618556153444209910e-11 3.970453333333379835e-06 1.587542615347866925e-08 2.520291555545545036e-16 -4.978754582945429386e-01 -5.223178040148681589e-01 3.970485071289615057e-06 3.993600000001817918e-06 1.576475170133370153e-11
4.023474793650800015e-06 1.482630997583388310e-08 2.198194674995113131e-16 7.493951601398398665e-01 -8.217591829323911412e-03 4.023502110675579847e-06 4.070400000000251595e-06 1.618856923461084827e-11 3.971306666666657949e-06 1.648302021964693508e-08 2.716899555612896618e-16 -4.420992206940678182e-01 -6.245592744582482148e-01 3.971340873139272467e-06 3.993600000001817918e-06 1.577154833066659960e-11
4.022158222222184863e-06 1.468983348595143683e-08 2.157912078449801215e-16 9.123601791385634874e-01 4.033227480607086690e-01 4.022185047433468131e-06 4.070400000000251595e-06 1.617797255579737311e-11 3.970133333333379472e-06 1.675719414320934740e-08 2.808035555532096128e-16 -5.659760600277021769e-01 -4.631260687869622750e-01 3.970168697675247009e-06 3.993600000001817918e-06 1.576223948800036490e-11
4.022938412698350772e-06 1.425463517376186946e-08 2.031946239370490872e-16 9.497570336256870860e-01 4.838044507418519657e-01 4.022963667122518955e-06 4.070400000000251595e-06 1.618423666698786377e-11 3.971200000000077276e-06 1.574191856157132631e-08 2.478079999991438816e-16 -6.585564591700016068e-01 6.966737246247856064e-03 3.971231200522152485e-06 3.993600000001817918e-06 1.577067724800061321e-11
4.023751111111094852e-06 1.393819241355495469e-08 1.942732077572808841e-16 7.373880916372667071e-01 -1.350552473699089262e-01 4.023775251846893638e-06 4.070400000000251595e-06 1.619076727737552916e-11 3.970133333333336273e-06 1.539847034243682315e-08 2.371128888869064589e-16 -5.379467620862597999e-01 -4.182234813562093478e-01 3.970163195302348535e-06 3.993600000001817918e-06 1.576219579733335391e-11
4.022450791745564257e-06 1.424037529653555847e-08 2.027882885861802142e-16 9.844706143497351514e-01 5.710819796493558087e-01 4.022475998723062468e-06 4.070400000000251595e-06 1.618031316030310074e-11 3.970986669167188632e-06 1.525594613989337456e-08 2.327438926233276056e-16 -5.012998674508107877e-01 -2.991968705574068466e-01 3.971015974608531656e-06 3.993600100005156861e-06 1.576896787059614574e-11
4.022288252381001097e-06 1.448747591470535765e-08 2.098869583791678530e-16 1.060874683270859320e+00 8.085022006528972405e-01 4.022314342788314239e-06 4.070400100003590538e-06 1.617901267220058702e-11 3.972160001666924856e-06 1.551587666860105461e-08 2.407424287952385102e-16 -6.130710038914034543e-01 -2.894785748279393722e-01 3.972190305268792079e-06 3.993600099998217967e-06 1.577829582127138033e-11
4.022775872698670449e-06 1.437126571862604318e-08 2.065332783553561376e-16 9.675389705070018831e-01 4.142770134003082028e-01 4.022801543109590852e-06 4.070400000000251595e-06 1.618293225524490718e-11 3.971520000416202056e-06 1.618769762525307168e-08 2.620415544066239352e-16 -4.772304514731126046e-01 -5.350382635829715738e-01 3.971552990362878395e-06 3.993600100005156861e-06 1.577323315526032064e-11
